0000000100011011
0000000100110011
0000000100010110
0000000100011011
0000000101110010
0000000010111111
0000000100011000
0000000100010000
0000000011110101
0000000010100011
0000000010110011
0000000010100110
0000000010100010
0000000001001010
0000000010001101
0000000001100010
1111111111010101
1111111110111001
1111111110101110
1111111110110011
1111111101010000
1111111100011000
1111111100010111
1111111101000100
1111111100010010
1111111100001110
1111111011101011
1111111100000011
1111111100001000
1111111100001111
1111111011101010
1111111011011010
1111111011010111
1111111100011000
1111111101000001
1111111101111000
1111111101101001
1111111110001010
1111111101111000
1111111111010000
1111111111000010
1111111111101010
0000000001000001
0000000010100010
0000000001011111
0000000010011101
0000000010110000
0000000010101000
0000000010010011
0000000011101001
0000000100001010
0000000011011101
0000000101100000
0000000100101010
0000000011001101
0000000100010011
0000000100000100
0000000100100110
0000000011101110
0000000011110110
0000000001111100
0000000001111110
0000000010100110
0000000000111001
0000000010000011
1111111111110100
1111111111110100
1111111111000111
1111111110000111
1111111101111000
1111111110000111
1111111100111111
1111111101001001
1111111100101110
1111111100011111
1111111100111111
1111111100001110
1111111100001101
1111111100000010
1111111011100101
1111111011111001
1111111011100100
1111111101010111
1111111100101001
1111111101010000
1111111101000101
1111111100111100
1111111110000100
1111111110001011
1111111110110100
1111111111010110
1111111111100101
0000000001000100
0000000011011110
0000000010001011
0000000010101111
0000000011001110
0000000010111101
0000000101001000
0000000100000110
