00000000000000000001000110110000
00000000000000000010010011100000
00000000000000000011011001000000
00000000000000000100011111110000
00000000000000000101111100010000
00000000000000000110101100000000
00000000000000000111110010000000
00000000000000001000110110000000
00000000000000001000101100100000
00000000000000001000001000100000
00000000000000000111101111110000
00000000000000000111010010100000
00000000000000000110011110100000
00000000000000000110000001010000
00000000000000000101011110100000
00000000000000000100110011000000
00000000000000000011101011000000
00000000000000000010110000100000
00000000000000000001101111010000
00000000000000000000110010100000
11111111111111111111011110000000
11111111111111111110010001100000
11111111111111111100110100000000
11111111111111111011101100100000
11111111111111111010111011110000
11111111111111111010010001000000
11111111111111111001100000010000
11111111111111111000110100010000
11111111111111111000100010010000
11111111111111111000100000000000
11111111111111111000010100110000
11111111111111110111111010010000
11111111111111110111101011100000
11111111111111110111101110000000
11111111111111111000000011100000
11111111111111111000100000110000
11111111111111111000111001000000
11111111111111111001010111110000
11111111111111111001111011010000
11111111111111111010111000110000
11111111111111111011110011100000
11111111111111111100101000000000
11111111111111111101101000000000
11111111111111111110110010100000
11111111111111111111110000000000
00000000000000000000110100110000
00000000000000000010000010110000
00000000000000000010111000110000
00000000000000000011101101000000
00000000000000000100101100110000
00000000000000000101011111000000
00000000000000000101101101110000
00000000000000000110101110000000
00000000000000000111010001010000
00000000000000000111011000100000
00000000000000000111110011010000
00000000000000001000001111100000
00000000000000001000011110110000
00000000000000001000010111110000
00000000000000001000011110000000
00000000000000000111100101000000
00000000000000000110111010000000
00000000000000000110110000010000
00000000000000000101111001110000
00000000000000000101011001100000
00000000000000000100001101000000
00000000000000000011001110100000
00000000000000000010000010110000
00000000000000000001000101100000
00000000000000000000000100000000
11111111111111111110111100010000
11111111111111111101111101110000
11111111111111111100101111010000
11111111111111111011111101110000
11111111111111111011001000100000
11111111111111111010100110100000
11111111111111111010001000010000
11111111111111111001101101100000
11111111111111111001001100010000
11111111111111111000110101110000
11111111111111111000100001110000
11111111111111111000001111010000
11111111111111111000011101010000
11111111111111111000010111110000
11111111111111111000101000010000
11111111111111111000110110010000
11111111111111111001000100110000
11111111111111111001101100100000
11111111111111111010010001000000
11111111111111111011000101000000
11111111111111111011100100110000
11111111111111111100010011110000
11111111111111111101010000110000
11111111111111111110110111000000
00000000000000000000001010110000
00000000000000000001010101100000
00000000000000000010100110010000
00000000000000000011101000100000
00000000000000000101000101000000
